424.0269003089413 90.57968106165502 305.7900577406397 451.796040075841 505.7171982840459 
476.51848625945826 146.3083339505558 364.2003040129466 430.82364416777233 168.35743135812686 
154.54693879824103 178.87484175464184 283.6156341256657 319.9842430047171 577.460797573285 
339.46852864544223 547.1121145353388 390.234421617107 326.5833083373572 499.7304428580593 
288.2642993687277 385.77359499936216 455.707937107342 309.18390063260506 158.40938695810357 
354.2117657875616 333.1375897206739 497.07942779223583 405.0891419907271 261.04329454284704 
179.59564075638718 263.220184134154 441.32683530294537 534.0063194924877 392.89237695082136 
334.25376186141705 68.45652801802174 108.45528933283498 230.4404717309477 194.0239774724874 
198.59828647581563 357.3405202013321 370.71341370714515 346.57652910013746 472.8732027398929 
39.38839511692243 224.740528100133 220.4122147125672 321.45182948192553 149.07596053383168 
218.73235748169648 472.58139094336894 561.529980024884 501.9937573551364 218.93016150331832 
601.2135780695694 379.3253637640815 39.190591877260154 419.77330646269996 325.0758327898555 
292.18917315046247 384.09396331240754 366.4782820305455 138.75363786001986 236.92595387439573 
335.59988465251286 333.123048932364 202.04817610689446 80.41586996401666 330.92599680599784 
427.330566666375 472.1836082377047 398.6328966020543 61.821520545935684 142.64511117495576 
337.4182353771567 320.152788624635 177.72790596778026 29.695307546636258 360.6530629311803 
180.24453184958375 559.4839877458111 107.23745637364505 491.63188363810036 81.63904920179424 
397.1692153138094 584.1730475495704 56.32622206257536 608.0688643128391 55.678886958522284 
413.6340624838831 182.0992360413336 86.67258843970689 61.625077650834605 150.22999875102005 
467.242082738934 345.3578305618262 495.15695267474405 131.5501600362471 453.4766436569072 
61.216383090216844 20.294259697070643 155.0151588070444 410.01828165739215 546.0854126880324 
537.3678299187949 371.17122374606527 287.7924304673097 365.34837899623113 191.16072448876392 
264.5211923191864 52.39870313523152 336.0694599374694 218.34369141777 542.9857939257455 
554.4163601401226 400.55521086230726 267.79909220449946 307.0891084748314 45.64481915376689 
21.437249621862268 177.42644038059774 619.9619175934341 199.87290857525494 94.36963671647254 
541.0238497671477 549.2565963818553 246.77081058989708 324.43482754112546 548.8388162817542 
102.0674730285582 577.4981857645666 562.3517809405928 135.38219746474107 23.95021032254521 
130.62242046148992 346.5801055653788 418.0991577804756 583.1341497864846 216.9407081295562 
47.414011525702534 160.49076951874363 411.0212127018104 591.7995883604311 559.1596314398886 
543.2800150004465 220.0652227530956 133.50589169700982 436.4896974214579 77.21602743403824 
170.12528479605749 236.42273643323543 321.0691872751233 41.110302715930864 204.38708000614582 
177.34426164226474 54.54566269542902 178.69845577073252 225.94580578939028 263.7429706597741 
423.9981586073982 537.9215264157958 136.1444374281739 522.4834184332203 35.93834197258002 
286.2204485790759 505.7611158395306 237.59584427259654 164.95757121209363 85.43743304492028 
600.1394233552536 195.70379186753766 573.1137846764327 359.918007196892 229.35531166827656 
47.69906329645795 46.151889546764906 541.4076094537435 44.514296333119304 145.25816065128345 
542.6513158469346 324.3361555322126 451.27291889332184 560.7937452877457 202.194670701458 
515.0847826867957 61.677943502163515 349.4348168196144 208.6510189379199 608.8280951828533 
155.4172935799398 261.6295933720205 254.6678101056783 577.5458802247388 171.5762087851369 
264.96456722448056 103.46490201336596 102.79813168537014 601.9927127793976 183.79373971051461 
294.02467850535254 36.85678312469068 407.30583183048185 515.2715139748193 585.7718680418487 
225.78835848235272 226.7903641604727 30.383334391505826 288.8369043406238 578.0808927582411 
603.0722435804598 118.56747524844079 575.9964401153667 412.4090762563103 192.8178368730689 
184.52193786110018 22.3849848087629 268.1314083291451 284.4911245867561 355.790229759887 
569.0711655966109 312.11293421910784 494.272636674688 309.71957831262057 456.5925870313965 
425.46742692940336 61.233596433459695 578.3855446511304 24.542855656874 603.8128604121757 
112.85928275527115 240.0766483781894 223.30463320336722 454.6336649680536 22.015256373791942 
55.93283928361593 234.02248586101052 325.34376760644955 326.4501695446929 460.33150254170516 
142.90912949009214 145.64404684183245 231.9289791846608 163.61474868219744 365.9789857872174 
617.7679230433289 70.09025161743443 75.75182232843927 470.30273420306906 138.2089865041225 
32.12138342102887 609.5302602955425 187.8766002868996 184.52416530094044 449.34538629154906 
371.86969115672287 168.2000965459703 250.80644686880177 41.8131006508953 201.8517951119154 
165.65613083865702 165.42075817933062 105.99450826550483 464.06049061043456 307.78693463888567 
174.5967189344691 562.6628521412375 55.825844210033495 440.5599005342023 125.4721542958385 
336.065497712105 336.9655063735786 496.7168304689729 432.18096980287567 285.47509606645303 
540.6175317839095 183.3004292851622 458.5793062924311 460.21484464749966 173.75824829730243 
34.45182670413263 301.2035372398211 399.2516609816949 65.99881406903722 25.572868424596034 
106.05395033809683 546.450988875881 475.2545695359729 494.94678513657544 202.7979752488641 
602.5869319373144 208.88043486932594 68.9112617584552 89.9864372432005 385.2015187941474 
268.8665802819612 436.67740393826654 454.87686406889003 517.4068887477463 79.68773156209869 
370.88845872339965 561.4574285805364 416.7240189501606 307.4001728148563 540.0120770125317 
290.26531754031237 205.0518846561321 28.58000994920911 608.6597914096784 63.59333711367066 
110.8607049353981 157.69643055635416 271.92748368311527 439.6783443020995 84.70310728014871 
591.5138858152787 419.85059144499695 309.46548918083334 99.13685902304294 279.1167289058448 
178.06786848755564 579.5417990690738 554.1529408861157 576.1502132134462 120.78731875160605 
574.8329956233147 559.2029011486243 391.871568089833 502.1481585963723 344.6572503249136 
412.91886789316123 587.6048095850007 302.07254804576974 605.7295234833437 351.6203411023661 
435.19320508041557 32.70078027726793 605.7105185616973 387.70128958705845 294.0429553611563 
601.5037013209062 340.8936153139305 208.99137500478327 215.35199964619954 277.1662235781749 
511.6239342398234 60.185055937359884 532.1176188731381 354.3354413777795 349.0429092581923 
77.43230040910848 443.51655053158066 263.32738652158656 196.75241828631619 497.1846911067834 
352.25146468510627 220.88590968602819 280.9920497917884 510.3906382718437 63.457492124281714 
268.0876317549471 452.92327337281057 283.1334353522569 103.76254253190672 291.4866252927455 
436.61436512438934 614.8060109652663 369.09516171752193 373.5926137716282 266.3196815028665 
254.91598261821508 59.833786501751625 368.7763085286656 146.64724420495253 49.61482550572214 
611.8909183197496 150.69589011353924 319.20808225219844 439.0450076994637 282.32626634929954 
327.3381601253782 469.34140555578415 576.5986055355137 398.0822784148256 369.7681958559634 
156.50914108917775 291.1814427404775 226.43615964669755 250.68121712199223 101.95369583717114 
263.5761821647548 175.7617658546466 438.8505557182066 117.21258046685755 137.99846283799457 
185.1954671243277 45.56520888631246 407.08383388498004 439.93952462612503 111.79948035455567 
269.1510862785635 530.6357351057198 521.3892746242241 73.81652931578478 33.66931111153049 
53.854827529972376 504.53345661167924 58.60952317234032 267.88561793370326 277.52580911540514 
345.0186407754418 53.880196985591304 420.604534037879 573.9371213133664 85.87895877837681 
310.760060923747 358.461953318191 416.00596459552486 123.21807339074755 297.36789226811186 
542.2700086498013 332.4165153317794 454.74038375775757 451.42716611531256 128.0079812312159 
572.3650763126689 432.22495999153807 190.5373057078106 588.5528713352962 613.5058686225956 
89.03628415642542 188.69249250904016 402.2435253711203 396.6913089157997 63.76520639929786 
277.64183201886334 104.37199287659878 121.10045744965848 291.09409047580345 81.68454839045808 
547.6958697631997 383.3493781092347 180.9798301154991 44.493901026318945 168.06540425069977 
394.17721647705264 157.24849142966295 56.56386725339962 201.2591173429676 556.301652245409 
376.695240453057 241.87187745337678 547.121566761201 237.03762590251188 399.78355689256347 
212.3518389730427 327.0972699361763 319.2728842310456 134.0371473048118 448.77082906812313 
531.2542316916496 464.3943473684677 121.21863477164088 616.6033400480071 300.8910251652434 
370.75878385310654 589.3884427658622 575.4969888461388 142.82117111229672 61.30171146874777 
40.93800839069908 390.9230511528016 321.42838415940247 383.8783008844212 297.6906577487448 
606.6060050262938 224.58669490366418 257.92984674455425 474.1642562720771 586.3255648186315 
449.5389672505628 551.0697307277028 300.08919475713634 83.68495670798784 504.82776177193756 
619.1825887505183 363.27542607499953 348.4393234757041 174.37207788801578 93.63039672879124 
193.92243963609138 27.977987468340665 139.78397482882968 49.15919154257585 61.46586622821842 
472.55411516577976 607.0185460644242 236.10028913873447 505.05439914129465 402.8558743940647 
