247.2414561468778 496.5165639900107 85.51834958133064 348.88756197896413 22.097615383230842 
50.475083022136985 292.63719527288146 255.75708389900197 110.46582680876465 19.65646631072564 
274.54731318354806 179.988299675499 331.3584263063689 210.02707577117684 421.06672657726574 
253.85557005932662 356.85174606098116 45.926751436539895 170.29486124816 420.6644113474804 
305.47041055156194 137.94797420310417 359.7024674169853 285.97118628970446 249.908743578434 
74.23429662628266 430.03530149944146 396.3234727648512 297.29244476628935 124.65101254559107 
202.73464143631637 197.47436133387342 25.183777802195486 172.28132130223233 76.57780054501266 
49.02374092389521 181.53314200154952 311.70101320744345 114.24170985711639 297.43971571684136 
181.78042219821498 178.48489849750266 114.49268547279178 34.41326837642593 61.30906678288688 
199.39798780710132 390.7056259853035 292.49928660994686 166.45610634669382 77.72467247401165 
101.41564102245248 54.99711662746236 492.28114843576026 453.18890898146395 103.60523302364531 
82.02373441776273 200.2976093025119 300.91865957645416 424.43026054209264 179.73266487610138 
474.36913247776954 258.9075598427837 72.08772695976035 164.631780681292 497.97451837935097 
198.42715094872892 31.528537222890833 399.95310723184457 461.04413340767576 476.8425393147231 
415.718344716816 406.02773201113547 129.57095510603057 437.28481769565855 368.14962716258793 
171.6190154717993 136.19944162811709 344.6333376658998 437.3081099288587 418.1671161276615 
274.9953187606049 72.26084340135861 268.7966346633429 193.8980604710115 208.59933490757058 
478.99467223072344 85.81969222013102 299.7504486346314 120.96824492260815 40.747244191737906 
53.731557599704985 174.07284387715677 473.9060396678811 426.2687517666893 249.35142841714958 
488.04514915273006 150.588596504222 331.4753279123567 80.7483667796685 328.7768661066213 
394.284883075551 11.805838251866366 128.199479616512 472.0355732853904 75.47769960191357 
77.0602216411274 502.0242081229413 371.5586045849407 445.58745339756626 238.17283417638973 
437.9980533279167 116.90113433987919 160.50155222235162 320.3735383163724 476.0487090299739 
236.7737432097901 482.11304056794944 482.19003316369754 192.93781362697558 349.82260793590143 
191.07128527937311 204.74421600785257 84.63142991994343 289.8054822560099 368.9480179636243 
240.79600039389976 319.06236383382065 457.11651146830485 333.0217082239369 337.9874366985095 
204.9874497618208 273.6130442066664 131.88351929216907 175.74054185108633 347.64292465208393 
242.69762175382002 135.06793558177458 80.26166555511249 86.90105207090919 241.608185520342 
374.9111311946863 207.10583317508878 438.63104013018767 297.86964948828654 423.84023968505954 
505.75386656716785 384.9675299973048 226.8600011820076 215.2967393995302 405.6556894912456 
484.18950888533027 132.4439997338506 341.4968800036448 288.1927641689276 395.91315148447325 
397.6276904866416 486.2325247016021 434.01287563533185 42.30134314978267 417.1866668649075 
275.9152480772859 260.19031103198154 250.99324351974855 449.22153365004465 457.0670826901801 
286.6646542140401 350.4569456292994 87.59326769807917 433.460921992208 396.41123164327195 
313.4683470479804 482.1920233674958 321.11360389534997 78.79637406062555 169.41935143674368 
58.99219417977552 304.335043909238 470.57068264672466 31.158587834651634 116.84702093509007 
201.03625963935727 133.95323692145743 207.0676282331821 302.9758521037266 270.4996816420866 
136.26010072901107 494.07607328866123 94.09710457182035 421.81465575714054 120.53011198831608 
372.3183414441929 35.16013114480798 106.18140152848741 181.6010927631209 447.13550523457656 
112.62906896421042 301.2864771206251 487.0896180685624 109.12522983770944 264.27186406528836 
120.95292220903296 207.72751349606605 507.94286334803473 152.4074680000808 208.2681776804557 
446.50814184234457 60.55695362765583 452.56449488562924 195.39289774248135 481.095637648459 
339.6621927819053 34.50433107660743 138.25383150916787 258.95018336232215 312.95296353215195 
37.56187033815799 459.3238188816628 209.62247485473904 28.96061146721295 467.2570269056416 
56.69212621934565 63.6706078381044 470.1575466656394 65.13012107600184 362.62811819166296 
492.65220136701475 419.0313396484353 328.75422638751655 259.8414875808953 509.6452619161093 
307.83191142918866 183.87770341779972 388.6422294158327 194.7506749949095 147.6949043900773 
435.6499459268898 503.2032422051778 435.02948134297606 257.8444790370509 250.88351594651368 
160.1289773439452 493.3281711171512 140.5784631751682 48.30580157578167 147.533045538707 
345.4449407726559 472.7392512942935 298.75322134750087 187.8279591810823 350.0901870280049 
309.37325032097107 362.2613212669074 72.43028831906278 441.09440240763666 220.28234030719662 
114.0035983972023 11.584040351830629 156.3163257944171 205.17014248661502 236.03243062130218 
107.50576088978924 442.70481423442754 358.0865669941531 176.77509174051164 484.05409512494754 
301.9673751078739 376.87337680026235 405.23801919798217 231.12734068099044 466.29838904956284 
138.31426623281266 211.87246632456595 446.99173501346684 418.6205028998734 184.6923359241337 
433.0546579661561 286.7438630431063 196.79182446360966 92.45814590656869 101.13357021425 
50.1102447423709 46.23255109456414 318.71152299197195 146.99944192295698 466.787097202772 
110.42369741079077 246.200255729741 407.1262244158642 462.5236401021535 473.73145357557905 
272.5386332866859 312.04094668082087 314.1518310660519 496.00996238370743 414.3492036871972 
258.17328068715074 226.76580671007906 503.4358342464211 22.030718932885154 290.03831765096663 
491.25412074840176 25.027534766710424 325.85536304338024 344.70573184967753 505.3878277125579 
389.3026175463361 159.09855463772297 435.50847319652286 66.66764150142428 120.52608965308065 
328.9042524599687 276.94401988990234 470.13331788941196 199.0029084667041 230.58904429256643 
477.72145528291645 69.33815866287023 374.86787125505134 426.0880631451356 53.90738911201486 
83.69207335912625 349.82586267117637 32.245828622974585 139.1238940979094 60.37611490459359 
266.2957401493818 389.65528460563417 393.75149668410296 24.03165318018523 68.41079631400831 
107.7479486006646 240.0905680148318 472.4273822072357 424.3292236651923 206.83847743048233 
175.43394902680797 501.3071945970086 24.307315764460704 202.8266801014641 40.00414458068901 
466.62211523170294 193.9888488108335 105.26012977631227 241.70815519994852 217.3493464464865 
387.36365722707404 424.46049138047636 64.66301684746544 57.10170236214706 248.84843363953468 
408.4166906866418 313.445225340923 217.7302871975021 58.94309842207567 355.1480898368457 
170.0172238707544 253.1238926515457 502.9156090000209 471.24068711281075 265.2839402319211 
386.40789840395684 326.96854290875723 372.2596437497995 92.23260811261535 468.7460278893665 
71.34044028694113 445.7410103182579 12.608959634009366 332.94803769194425 194.7951541172425 
422.4660933042904 234.08295270362956 450.08636116486286 29.95217526813703 126.72126363272179 
259.85705704654197 422.3249895121684 133.91120672670968 501.2465844338512 437.67037051034464 
470.16356995942186 223.62406955998014 127.57626468862098 360.15154107938184 197.2999707230267 
10.466987752003934 87.47405900827503 493.4737624688836 41.314340833382026 373.46646483942084 
136.16676546955017 36.26478520683345 443.377828840099 435.63187772380104 283.07895293734737 
135.72535636058961 395.18910393841963 232.84782549481562 500.77207352121576 212.9088323756764 
146.34178766572074 289.7794890277427 407.790976113597 274.115478766609 480.3258763773081 
42.2439982111436 396.12106978842144 210.35423465478186 92.36639303554222 170.50102159002512 
298.95914183213057 211.82537021160607 227.3022479386648 32.91563115967793 319.5011201639131 
49.37690813418393 360.7085730003978 14.446660820797977 66.44972903787337 99.88813662886835 
331.46549803081376 229.41359260462818 166.9452644539836 117.53317071167056 458.9767267618075 
142.99514074995378 52.622576006281335 377.8778334215118 303.2407730342481 300.9126534223662 
139.4974480675494 446.76286218405437 350.97812920846474 481.7514462782739 247.38535900552304 
450.92669329565643 36.017514062498414 211.37319883994513 229.55591936327755 352.32070683060755 
127.14423009590475 203.87257631283688 408.32601612761715 353.0704568873791 141.61384828405315 
418.53108487691253 37.29474422599037 183.0355943884042 67.53426137658013 47.22149817184878 
135.92337961845934 146.921854612218 303.31927535616865 371.71567301802855 167.16339689415437 
432.89819292679346 347.41688818472824 55.34922247837925 153.83579691461063 309.6721466049704 
396.5153397714726 58.49589783056879 454.4646021270967 463.9765620701665 135.43001150945233 
492.3049501142302 44.268034684782236 355.420873486687 126.874494008329 350.15455006543647 
272.0101269634357 90.65992675650085 334.31865177549895 181.2743918167754 188.41614177575892 
443.83367267254016 436.1370966056087 395.99061505459963 166.85483126982018 275.23059290523014 
214.25099901340965 17.046197088834525 161.99060261359955 225.12826825398517 425.46647438135045 
316.44981169117705 77.10883924423561 184.7639565656654 188.71260354201357 402.30652594919644 
335.8174495092762 171.38851897121603 46.382216433376634 445.08315690352697 378.827708939299 
359.35665497474156 482.97864383332734 357.7616927432738 431.51764306784844 144.20666211165494 
